Index,Value
0.000000000000000000e+00,1.000000000000000000e+01
8.339041095890410427e-01,1.029176933977297104e+01
1.667808219178082085e+00,1.058295689393121641e+01
2.501712328767123239e+00,1.087298490028120668e+01
3.335616438356164171e+00,1.116128361551069226e+01
4.169520547945205102e+00,1.144729525492089195e+01
5.003424657534246478e+00,1.173047784905126534e+01
5.837328767123286966e+00,1.201030899039505151e+01
6.671232876712328341e+00,1.228628944416745661e+01
7.505136986301369717e+00,1.255794659803335023e+01
8.339041095890410205e+00,1.282483772682043721e+01
9.172945205479450692e+00,1.308655304952980813e+01
1.000684931506849296e+01,1.334271855739917001e+01
1.084075342465753344e+01,1.359299859336535476e+01
1.167465753424657393e+01,1.383709816500036460e+01
1.250856164383561620e+01,1.407476497484759648e+01
1.334246575342465668e+01,1.430579115404892399e+01
1.417636986301369717e+01,1.453001468721543787e+01
1.501027397260273943e+01,1.474732051864045879e+01
1.584417808219177992e+01,1.495764133216806968e+01
1.667808219178082041e+01,1.516095799929856902e+01
1.751198630136986267e+01,1.535729969241784687e+01
1.834589041095890138e+01,1.554674366236515937e+01
1.917979452054794365e+01,1.572941468188656344e+01
2.001369863013698591e+01,1.590548415884330069e+01
2.084760273972602462e+01,1.607516892533967123e+01
2.168150684931506689e+01,1.623872971118723996e+01
2.251541095890410915e+01,1.639646931231602522e+01
2.334931506849314786e+01,1.654873046686348914e+01
2.418321917808219013e+01,1.669589345370367184e+01
2.501712328767123239e+01,1.683837343010792509e+01
2.585102739726027110e+01,1.697661752704164329e+01
2.668493150684931337e+01,1.711110172228586634e+01
2.751883561643835563e+01,1.724232751311663847e+01
2.835273972602739434e+01,1.737081841166814655e+01
2.918664383561643660e+01,1.749711628733799884e+01
3.002054794520547887e+01,1.762177758165594454e+01
3.085445205479451758e+01,1.774536942192379740e+01
3.168835616438355984e+01,1.786846566063789155e+01
3.252226027397259855e+01,1.799164286822103520e+01
3.335616438356164082e+01,1.811547630691561039e+01
3.419006849315068308e+01,1.824053591382027051e+01
3.502397260273972535e+01,1.836738232098915091e+01
3.585787671232876761e+01,1.849656294025502135e+01
3.669178082191780277e+01,1.862860813998780785e+01
3.752568493150684503e+01,1.876402754036112341e+01
3.835958904109588730e+01,1.890330645287571798e+01
3.919349315068492956e+01,1.904690248888621795e+01
4.002739726027397182e+01,1.919524236070300560e+01
4.086130136986301409e+01,1.934871889750255036e+01
4.169520547945204925e+01,1.950768829678678173e+01
4.252910958904109151e+01,1.967246763049493552e+01
4.336301369863013377e+01,1.984333262310150303e+01
4.419691780821917604e+01,2.002051571714353528e+01
4.503082191780821830e+01,2.020420443962319013e+01
4.586472602739726057e+01,2.039454008064003787e+01
4.669863013698629572e+01,2.059161669343781753e+01
4.753253424657533799e+01,2.079548042281658127e+01
4.836643835616438025e+01,2.100612916657886231e+01
4.920034246575342252e+01,2.122351257236406497e+01
5.003424657534246478e+01,2.144753236989439316e+01
5.086815068493150704e+01,2.167804303632432905e+01
5.170205479452054220e+01,2.191485279007082809e+01
5.253595890410958447e+01,2.215772490621846913e+01
5.336986301369862673e+01,2.240637934435855882e+01
5.420376712328766899e+01,2.266049467755039259e+01
5.503767123287671126e+01,2.291971030899930639e+01
5.587157534246574642e+01,2.318362896104737558e+01
5.670547945205478868e+01,2.345181941917926949e+01
5.753938356164383094e+01,2.372381951197405314e+01
5.837328767123287321e+01,2.399913930629351810e+01
5.920719178082191547e+01,2.427726449550190679e+01
6.004109589041095774e+01,2.455765995717035466e+01
6.087499999999999289e+01,2.483977345554128391e+01
6.170890410958903516e+01,2.512303946302219870e+01
6.254280821917807742e+01,2.540688307415071989e+01
6.337671232876711969e+01,2.569072398483038810e+01
6.421061643835615484e+01,2.597398050918281953e+01
6.504452054794519711e+01,2.625607360610054641e+01
6.587842465753423937e+01,2.653643088751744017e+01
6.671232876712328164e+01,2.681449058054051449e+01
6.754623287671232390e+01,2.708970541590780101e+01
6.838013698630136616e+01,2.736154641574874447e+01
6.921404109589040843e+01,2.762950655432369018e+01
7.004794520547945069e+01,2.789310426630149919e+01
7.088184931506849296e+01,2.815188677819418928e+01
7.171575342465753522e+01,2.840543323979641599e+01
7.254965753424657748e+01,2.865335763386750401e+01
7.338356164383560554e+01,2.889531144383508732e+01
7.421746575342464780e+01,2.913098606098096255e+01
7.505136986301369006e+01,2.936011491438047827e+01
7.588527397260273233e+01,2.958247530879352638e+01
7.671917808219177459e+01,2.979788995773498073e+01
7.755308219178081686e+01,3.000622820107082589e+01
7.838698630136985912e+01,3.020740689867879780e+01
7.922089041095890138e+01,3.040139099396366618e+01
8.005479452054794365e+01,3.058819374331174501e+01
8.088869863013698591e+01,3.076787660989092288e+01
8.172260273972602818e+01,3.094054882253528405e+01
8.255650684931505623e+01,3.110636660278104060e+01
8.339041095890409849e+01,3.126553206542668306e+01
8.422431506849314076e+01,3.141829180025949597e+01
8.505821917808218302e+01,3.156493514480610330e+01
8.589212328767122528e+01,3.170579216011242707e+01
8.672602739726026755e+01,3.184123132362201858e+01
8.755993150684930981e+01,3.197165695518814132e+01
8.839383561643835208e+01,3.209750639410949447e+01
8.922773972602739434e+01,3.221924694680987500e+01
9.006164383561643660e+01,3.233737262637615117e+01
9.089554794520547887e+01,3.245240070661536436e+01
9.172945205479452113e+01,3.256486811458094621e+01
9.256335616438354919e+01,3.267532768664054288e+01
9.339726027397259145e+01,3.278434431410646255e+01
9.423116438356163371e+01,3.289249100521717395e+01
9.506506849315067598e+01,3.300034489083957112e+01
9.589897260273971824e+01,3.310848320165312941e+01
9.673287671232876050e+01,3.321747924477476488e+01
9.756678082191780277e+01,3.332789840778774249e+01
9.840068493150684503e+01,3.344029421794684964e+01
9.923458904109588730e+01,3.355520448394912592e+01
1.000684931506849296e+02,3.367314754708515778e+01
1.009023972602739718e+02,3.379461866782612844e+01
1.017363013698630141e+02,3.392008657296019436e+01
1.025702054794520421e+02,3.404999018727631466e+01
1.034041095890410844e+02,3.418473557251061834e+01
1.042380136986301267e+02,3.432469309483033726e+01
1.050719178082191689e+02,3.447019484054170846e+01
1.059058219178082112e+02,3.462153229798334308e+01
1.067397260273972535e+02,3.477895432171625600e+01
1.075736301369862957e+02,3.494266539316019760e+01
1.084075342465753380e+02,3.511282418976530550e+01
1.092414383561643803e+02,3.528954247266389643e+01
1.100753424657534225e+02,3.547288430053394848e+01
1.109092465753424648e+02,3.566286557513831923e+01
1.117431506849314928e+02,3.585945392169898582e+01
1.125770547945205351e+02,3.606256890493826006e+01
1.134109589041095774e+02,3.627208257928610635e+01
1.142448630136986196e+02,3.648782036943034512e+01
1.150787671232876619e+02,3.670956227509048375e+01
1.159126712328767042e+02,3.693704439164280018e+01
1.167465753424657464e+02,3.716996073602882689e+01
1.175804794520547887e+02,3.740796536525814986e+01
1.184143835616438309e+02,3.765067477278229546e+01
1.192482876712328732e+02,3.789767054608590513e+01
1.200821917808219155e+02,3.814850226702550628e+01
1.209160958904109577e+02,3.840269063475930977e+01
1.217499999999999858e+02,3.865973078956434961e+01
1.225839041095890281e+02,3.891909581444122068e+01
1.234178082191780703e+02,3.918024039017105054e+01
1.242517123287671126e+02,3.944260457842255363e+01
1.250856164383561548e+02,3.970561770661767298e+01
1.259195205479451971e+02,3.996870232755641439e+01
1.267534246575342394e+02,4.023127822628229922e+01
1.275873287671232816e+02,4.049276644634152689e+01
1.284212328767123097e+02,4.075259330745393527e+01
1.292551369863013520e+02,4.101019438667366046e+01
1.300890410958903942e+02,4.126501843537117509e+01
1.309229452054794365e+02,4.151653120481427806e+01
1.317568493150684787e+02,4.176421915376086957e+01
1.325907534246575210e+02,4.200759301229653175e+01
1.334246575342465633e+02,4.224619117714863137e+01
1.342585616438356055e+02,4.247958291488023264e+01
1.350924657534246478e+02,4.270737135070219637e+01
1.359263698630136901e+02,4.292919622213161546e+01
1.367602739726027323e+02,4.314473637835936870e+01
1.375941780821917746e+02,4.335371200795650992e+01
1.384280821917808169e+02,4.355588657943745545e+01
1.392619863013698591e+02,4.375106848119338565e+01
1.400958904109589014e+02,4.393911234939888288e+01
1.409297945205479436e+02,4.411992007466304244e+01
1.417636986301369859e+02,4.429344148042919471e+01
1.425976027397260282e+02,4.445967466840873072e+01
1.434315068493150704e+02,4.461866602864834874e+01
1.442654109589041127e+02,4.477050991416119530e+01
1.450993150684931550e+02,4.491534798238317450e+01
1.459332191780821688e+02,4.505336820803162823e+01
1.467671232876712111e+02,4.518480357422704685e+01
1.476010273972602533e+02,4.530993045097451954e+01
1.484349315068492956e+02,4.542906667227483553e+01
1.492688356164383379e+02,4.554256932522887524e+01
1.501027397260273801e+02,4.565083226650142478e+01
1.509366438356164224e+02,4.575428338340464052e+01
1.517705479452054647e+02,4.585338161863683126e+01
1.526044520547945069e+02,4.594861377935418290e+01
1.534383561643835492e+02,4.604049115275265081e+01
1.542722602739725914e+02,4.612954595168121585e+01
1.551061643835616337e+02,4.621632761498953812e+01
1.559400684931506760e+02,4.630139898832231893e+01
1.567739726027397182e+02,4.638533241190367562e+01
1.576078767123287605e+02,4.646870574250106500e+01
1.584417808219178028e+02,4.655209833721606572e+01
1.592756849315068450e+02,4.663608702701423425e+01
1.601095890410958873e+02,4.672124210797780108e+01
1.609434931506849296e+02,4.680812337814174384e+01
1.617773972602739718e+02,4.689727624745677304e+01
1.626113013698630141e+02,4.698922794791497637e+01
1.634452054794520564e+02,4.708448387017709535e+01
1.642791095890410986e+02,4.718352405216187151e+01
1.651130136986301125e+02,4.728679984400125136e+01
1.659469178082191547e+02,4.739473077253976641e+01
1.667808219178081970e+02,4.750770162716960954e+01
1.676147260273972392e+02,4.762605978725430589e+01
1.684486301369862815e+02,4.775011280971536110e+01
1.692825342465753238e+02,4.788012629354771832e+01
1.701164383561643660e+02,4.801632203610528649e+01
1.709503424657534083e+02,4.815887649397031112e+01
1.717842465753424506e+02,4.830791955910301994e+01
1.726181506849314928e+02,4.846353365877719455e+01
1.734520547945205351e+02,4.862575318555689563e+01
1.742859589041095774e+02,4.879456426127559610e+01
1.751198630136986196e+02,4.896990483665803850e+01
1.759537671232876619e+02,4.915166512589210157e+01
1.767876712328767042e+02,4.933968837313025801e+01
1.776215753424657464e+02,4.953377194559327279e+01
1.784554794520547887e+02,4.973366874567871321e+01
1.792893835616438309e+02,4.993908893226027601e+01
1.801232876712328732e+02,5.014970193921438835e+01
1.809571917808219155e+02,5.036513877714540399e+01
1.817910958904109577e+02,5.058499460231223566e+01
1.826250000000000000e+02,5.080883153490205473e+01
1.834589041095890423e+02,5.103618170706425872e+01
1.842928082191780845e+02,5.126655051952041475e+01
1.851267123287670984e+02,5.149942008411679950e+01
1.859606164383561406e+02,5.173425282839375683e+01
1.867945205479451829e+02,5.197049523711962138e+01
1.876284246575342252e+02,5.220758170478592319e+01
1.884623287671232674e+02,5.244493847228856254e+01
1.892962328767123097e+02,5.268198762043490291e+01
1.901301369863013520e+02,5.291815109252205218e+01
1.909640410958903942e+02,5.315285471802883421e+01
1.917979452054794365e+02,5.338553220945700417e+01
1.926318493150684787e+02,5.361562910454337327e+01
1.934657534246575210e+02,5.384260662644410189e+01
1.942996575342465633e+02,5.406594543506296446e+01
1.951335616438356055e+02,5.428514924345147818e+01
1.959674657534246478e+02,5.449974827414661860e+01
1.968013698630136901e+02,5.470930253142451960e+01
1.976352739726027323e+02,5.491340486672739019e+01
1.984691780821917746e+02,5.511168381595901167e+01
1.993030821917808169e+02,5.530380618892889544e+01
2.001369863013698591e+02,5.548947939294838960e+01
2.009708904109589014e+02,5.566845347442914260e+01
2.018047945205479436e+02,5.584052286429453460e+01
2.026386986301369859e+02,5.600552781507290234e+01
2.034726027397260282e+02,5.616335551968440853e+01
2.043065068493150420e+02,5.631394090414526943e+01
2.051404109589040843e+02,5.645726708867971411e+01
2.059743150684931265e+02,5.659336551403418980e+01
2.068082191780821688e+02,5.672231573211544742e+01
2.076421232876712111e+02,5.684424486240678220e+01
2.084760273972602533e+02,5.695932671793976709e+01
2.093099315068492956e+02,5.706778060689523357e+01
2.101438356164383379e+02,5.716986981816160807e+01
2.109777397260273801e+02,5.726589980137514146e+01
2.118116438356164224e+02,5.735621605409009049e+01
2.126455479452054647e+02,5.744120173076196068e+01
2.134794520547945069e+02,5.752127499016075518e+01
2.143133561643835492e+02,5.759688609964857875e+01
2.151472602739725914e+02,5.766851431644611381e+01
2.159811643835616337e+02,5.773666456756214416e+01
2.168150684931506760e+02,5.780186395145957334e+01
2.176489726027397182e+02,5.786465808577053593e+01
2.184828767123287605e+02,5.792560732644284371e+01
2.193167808219178028e+02,5.798528288459367275e+01
2.201506849315068450e+02,5.804426286805728807e+01
2.209845890410958873e+02,5.810312827513715916e+01
2.218184931506849296e+02,5.816245896840450058e+01
2.226523972602739718e+02,5.822282965652458842e+01
2.234863013698629857e+02,5.828480591203577177e+01
2.243202054794520279e+02,5.834894025275673357e+01
2.251541095890410702e+02,5.841576831405497927e+01
2.259880136986301125e+02,5.848580513857816499e+01
2.268219178082191547e+02,5.855954160923369756e+01
2.276558219178081970e+02,5.863744105020601438e+01
2.284897260273972392e+02,5.871993601963361442e+01
2.293236301369862815e+02,5.880742531623548075e+01
2.301575342465753238e+02,5.890027122068973853e+01
2.309914383561643660e+02,5.899879699093604302e+01
2.318253424657534083e+02,5.910328462880799094e+01
2.326592465753424506e+02,5.921397293351662938e+01
2.334931506849314928e+02,5.933105585551216876e+01
2.343270547945205351e+02,5.945468116216353849e+01
2.351609589041095774e+02,5.958494942452825427e+01
2.359948630136986196e+02,5.972191333225352139e+01
2.368287671232876619e+02,5.986557734136906817e+01
2.376626712328767042e+02,6.001589765741849902e+01
2.384965753424657464e+02,6.017278255404529830e+01
2.393304794520547887e+02,6.033609302481870174e+01
2.401643835616438309e+02,6.050564376376782150e+01
2.409982876712328732e+02,6.068120446780878297e+01
2.418321917808219155e+02,6.086250145201186257e+01
2.426660958904109293e+02,6.104921956648161085e+01
2.434999999999999716e+02,6.124100440152689373e+01
2.443339041095890138e+02,6.143746476579386240e+01
2.451678082191780561e+02,6.163817542013803319e+01
2.460017123287670984e+02,6.184268004823426423e+01
2.468356164383561406e+02,6.205049444327787000e+01
2.476695205479451829e+02,6.226110988862858875e+01
2.485034246575342252e+02,6.247399670890113299e+01
2.493373287671232674e+02,6.268860796682109537e+01
2.501712328767123097e+02,6.290438328015272873e+01
2.510051369863013520e+02,6.312075273216954940e+01
2.518390410958903942e+02,6.333714084848966053e+01
2.526729452054794365e+02,6.355297061263565439e+01
2.535068493150684787e+02,6.376766749241014764e+01
2.543407534246575210e+02,6.398066344910288450e+01
2.551746575342465633e+02,6.419140090166449397e+01
2.560085616438356055e+02,6.439933661829508083e+01
2.568424657534246194e+02,6.460394550840010197e+01
2.576763698630136901e+02,6.480472428855875933e+01
2.585102739726027039e+02,6.500119499702526582e+01
2.593441780821917746e+02,6.519290833233657168e+01
2.601780821917807884e+02,6.537944679282190918e+01
2.610119863013698591e+02,6.556042759519412755e+01
2.618458904109588730e+02,6.573550535193697897e+01
2.626797945205479436e+02,6.590437448888015126e+01
2.635136986301369575e+02,6.606677138615833655e+01
2.643476027397260282e+02,6.622247622767400799e+01
2.651815068493150420e+02,6.637131454620883630e+01
2.660154109589041127e+02,6.651315845344430500e+01
2.668493150684931265e+02,6.664792754634132166e+01
2.676832191780821972e+02,6.677558948357906843e+01
2.685171232876712111e+02,6.689616022804484885e+01
2.693510273972602818e+02,6.700970395368901222e+01
2.701849315068492956e+02,6.711633261739076772e+01
2.710188356164383663e+02,6.721620519880916333e+01
2.718527397260273801e+02,6.730952661350112010e+01
2.726866438356163940e+02,6.739654630685889458e+01
2.735205479452054647e+02,6.747755653863782754e+01
2.743544520547944785e+02,6.755289036999529628e+01
2.751883561643835492e+02,6.762291936703007877e+01
2.760222602739725630e+02,6.768805103678045043e+01
2.768561643835616337e+02,6.774872601349980528e+01
2.776900684931506476e+02,6.780541501476366761e+01
2.785239726027397182e+02,6.785861558856149145e+01
2.793578767123287321e+02,6.790884867397947744e+01
2.801917808219178028e+02,6.795665499937641130e+01
2.810256849315068166e+02,6.800259134308322473e+01
2.818595890410958873e+02,6.804722668261319996e+01
2.826934931506849011e+02,6.809113825914410256e+01
2.835273972602739718e+02,6.813490758462243946e+01
2.843613013698629857e+02,6.817911641923912214e+01
2.851952054794520564e+02,6.822434274723117653e+01
2.860291095890410702e+02,6.827115677897637624e+01
2.868630136986301409e+02,6.832011700716444125e+01
2.876969178082191547e+02,6.837176634445276591e+01
2.885308219178082254e+02,6.842662836944879245e+01
2.893647260273972392e+02,6.848520370710726013e+01
2.901986301369863099e+02,6.854796656869747551e+01
2.910325342465753238e+02,6.861536147538588182e+01
2.918664383561643376e+02,6.868780018820386601e+01
2.927003424657534083e+02,6.876565886573560249e+01
2.935342465753424221e+02,6.884927546927860931e+01
2.943681506849314928e+02,6.893894743350971055e+01
2.952020547945205067e+02,6.903492961884357726e+01
2.960359589041095774e+02,6.913743255971357371e+01
2.968698630136985912e+02,6.924662102094789873e+01
2.977037671232876619e+02,6.936261287227277705e+01
2.985376712328766757e+02,6.948547828876306198e+01
2.993715753424657464e+02,6.961523928279660822e+01
3.002054794520547603e+02,6.975186957076269323e+01
3.010393835616438309e+02,6.989529477545075054e+01
3.018732876712328448e+02,7.004539296271035198e+01
3.027071917808219155e+02,7.020199550865217475e+01
3.035410958904109293e+02,7.036488829136104073e+01
3.043750000000000000e+02,7.053381319883759204e+01
3.052089041095890138e+02,7.070846994268705998e+01
3.060428082191780845e+02,7.088851816494863556e+01
3.068767123287670984e+02,7.107357982342202263e+01
3.077106164383561691e+02,7.126324183891159691e+01
3.085445205479451829e+02,7.145705898598883721e+01
3.093784246575342536e+02,7.165455700718102605e+01
3.102123287671232674e+02,7.185523592894129763e+01
3.110462328767122813e+02,7.205857355635308181e+01
3.118801369863013520e+02,7.226402912227950992e+01
3.127140410958903658e+02,7.247104706559487397e+01
3.135479452054794365e+02,7.267906091223868259e+01
3.143818493150684503e+02,7.288749723211761022e+01
3.152157534246575210e+02,7.309577964435375463e+01
3.160496575342465349e+02,7.330333284304158781e+01
3.168835616438356055e+02,7.350958661553382001e+01
3.177174657534246194e+02,7.371397982532734261e+01
3.185513698630136901e+02,7.391596433186788317e+01
3.193852739726027039e+02,7.411500882002864898e+01
3.202191780821917746e+02,7.431060251264797500e+01
3.210530821917807884e+02,7.450225874032186368e+01
3.218869863013698591e+02,7.468951834364079900e+01
3.227208904109588730e+02,7.487195288422361727e+01
3.235547945205479436e+02,7.504916764223129633e+01
3.243886986301369575e+02,7.522080437952585896e+01
3.252226027397260282e+02,7.538654384927004060e+01
3.260565068493150420e+02,7.554610803452438006e+01
3.268904109589041127e+02,7.569926210028229718e+01
3.277243150684931265e+02,7.584581604537540045e+01
3.285582191780821972e+02,7.598562604276681043e+01
3.293921232876712111e+02,7.611859545891644530e+01
3.302260273972602249e+02,7.624467554513212519e+01
3.310599315068492956e+02,7.636386579610042702e+01
3.318938356164383094e+02,7.647621397310406621e+01
3.327277397260273801e+02,7.658181579176313392e+01
3.335616438356163940e+02,7.668081427646897907e+01
3.343955479452054647e+02,7.677339878599605072e+01
3.352294520547944785e+02,7.685980371706210690e+01
3.360633561643835492e+02,7.694030689484591790e+01
3.368972602739725630e+02,7.701522766164639222e+01
3.377311643835616337e+02,7.708492467696613915e+01
3.385650684931506476e+02,7.714979344430662422e+01
3.393989726027397182e+02,7.721026358186280447e+01
3.402328767123287321e+02,7.726679585608398781e+01
3.410667808219178028e+02,7.731987899871634795e+01
3.419006849315068166e+02,7.737002632944688685e+01
3.427345890410958873e+02,7.741777220762001832e+01
3.435684931506849011e+02,7.746366833768590254e+01
3.444023972602739718e+02,7.750827995405563797e+01
3.452363013698629857e+02,7.755218191187751131e+01
3.460702054794520564e+02,7.759595471090140961e+01
3.469041095890410702e+02,7.764018048006413153e+01
3.477380136986301409e+02,7.768543895070112626e+01
3.485719178082191547e+02,7.773230344636910161e+01
3.494058219178081686e+02,7.778133691714893416e+01
3.502397260273972392e+02,7.783308804598847530e+01
3.510736301369862531e+02,7.788808745414506518e+01
3.519075342465753238e+02,7.794684403209795676e+01
3.527414383561643376e+02,7.800984142142951328e+01
3.535753424657534083e+02,7.807753467212458531e+01
3.544092465753424221e+02,7.815034709851796890e+01
3.552431506849314928e+02,7.822866735574012864e+01
3.560770547945205067e+02,7.831284675697800424e+01
3.569109589041095774e+02,7.840319685019461815e+01
3.577448630136985912e+02,7.849998727114790142e+01
3.585787671232876619e+02,7.860344388762865719e+01
3.594126712328766757e+02,7.871374724781404097e+01
3.602465753424657464e+02,7.883103134351907215e+01
3.610804794520547603e+02,7.895538269694000633e+01
3.619143835616438309e+02,7.908683977723572411e+01
3.627482876712328448e+02,7.922539275100056955e+01
3.635821917808219155e+02,7.937098356836112600e+01
3.644160958904109293e+02,7.952350638409812689e+01
3.652500000000000000e+02,7.968280831086487126e+01
3.660839041095890138e+02,7.984869049926612661e+01
3.669178082191780845e+02,8.002090953729037892e+01
3.677517123287670984e+02,8.019917915936761688e+01
3.685856164383561691e+02,8.038317225317391035e+01
3.694195205479451829e+02,8.057252315023445988e+01
3.702534246575341967e+02,8.076683018440427020e+01
3.710873287671232674e+02,8.096565850044407853e+01
3.719212328767122813e+02,8.116854309317075433e+01
3.727551369863013520e+02,8.137499205605953989e+01
3.735890410958903658e+02,8.158449001671878875e+01
3.744229452054794365e+02,8.179650173536023772e+01
3.752568493150684503e+02,8.201047584125429069e+01
3.760907534246575210e+02,8.222584868120118529e+01
3.769246575342465349e+02,8.244204825326987418e+01
3.777585616438356055e+02,8.265849819846502555e+01
3.785924657534246194e+02,8.287462182257846166e+01
3.794263698630136901e+02,8.308984612027266792e+01
3.802602739726027039e+02,8.330360577342813144e+01
3.810941780821917746e+02,8.351534709596512585e+01
3.819280821917807884e+02,8.372453189772254234e+01
3.827619863013698591e+02,8.393064124053898922e+01
3.835958904109588730e+02,8.413317906043063488e+01
3.844297945205479436e+02,8.433167563069083883e+01
3.852636986301369575e+02,8.452569084184185044e+01
3.860976027397260282e+02,8.471481727564277264e+01
3.869315068493150420e+02,8.489868305178768537e+01
3.877654109589041127e+02,8.507695442750932102e+01
3.885993150684931265e+02,8.524933813201963062e+01
3.894332191780821404e+02,8.541558341956231004e+01
3.902671232876712111e+02,8.557548382680749910e+01
3.911010273972602249e+02,8.572887862237398338e+01
3.919349315068492956e+02,8.587565393840367278e+01
3.927688356164383094e+02,8.601574357632314616e+01
3.936027397260273801e+02,8.614912948119106773e+01
3.944366438356163940e+02,8.627584188133403131e+01
3.952705479452054647e+02,8.639595909229927884e+01
3.961044520547944785e+02,8.650960698648556502e+01
3.969383561643835492e+02,8.661695813213789563e+01
3.977722602739725630e+02,8.671823060768839753e+01
3.986061643835616337e+02,8.681368649968304396e+01
3.994400684931506476e+02,8.690363009473246336e+01
4.002739726027397182e+02,8.698840577805172813e+01
4.011078767123287321e+02,8.706839565319316421e+01
4.019417808219178028e+02,8.714401689951408514e+01
4.027756849315068166e+02,8.721571888574383991e+01
4.036095890410958873e+02,8.728398005970979057e+01
4.044434931506849011e+02,8.734930463583756932e+01
4.052773972602739718e+02,8.741221910344638957e+01
4.061113013698629857e+02,8.747326858010566752e+01
4.069452054794520564e+02,8.753301303539582534e+01
4.077791095890410702e+02,8.759202341131731373e+01
4.086130136986300840e+02,8.765087766630971089e+01
4.094469178082191547e+02,8.771015677037387093e+01
4.102808219178081686e+02,8.777044067913003289e+01
4.111147260273972392e+02,8.783230431479091749e+01
4.119486301369862531e+02,8.789631358198110433e+01
4.127825342465753238e+02,8.796302144609178697e+01
4.136164383561643376e+02,8.803296410142482387e+01
4.144503424657534083e+02,8.810665725575708507e+01
4.152842465753424221e+02,8.818459255714573430e+01
4.161181506849314928e+02,8.826723418780763097e+01
4.169520547945205067e+02,8.835501564874410008e+01
4.177859589041095774e+02,8.844833675745708490e+01
4.186198630136985912e+02,8.854756087962159938e+01
4.194537671232876619e+02,8.865301241395354737e+01
4.202876712328766757e+02,8.876497454775183371e+01
4.211215753424657464e+02,8.888368729871352514e+01
4.219554794520547603e+02,8.900934585662994891e+01
4.227893835616438309e+02,8.914209923648864731e+01
4.236232876712328448e+02,8.928204925234093992e+01
4.244571917808219155e+02,8.942924981906659809e+01
4.252910958904109293e+02,8.958370658688679100e+01
4.261250000000000000e+02,8.974537691116569249e+01
4.269589041095890138e+02,8.991417015770930732e+01
4.277928082191780277e+02,9.008994834143946662e+01
4.286267123287670984e+02,9.027252709400349318e+01
4.294606164383561122e+02,9.046167695359409322e+01
4.302945205479451829e+02,9.065712496801488385e+01
4.311284246575341967e+02,9.085855659984963495e+01
4.319623287671232674e+02,9.106561792049377857e+01
4.327962328767122813e+02,9.127791807779959754e+01
4.336301369863013520e+02,9.149503202018435388e+01
4.344640410958903658e+02,9.171650345826803630e+01
4.352979452054794365e+02,9.194184804345819373e+01
4.361318493150684503e+02,9.217055674138899235e+01
4.369657534246575210e+02,9.240209937676982577e+01
4.377996575342465349e+02,9.263592832500602015e+01
4.386335616438356055e+02,9.287148232493501609e+01
4.394674657534246194e+02,9.310819038617879073e+01
4.403013698630136901e+02,9.334547576395669921e+01
4.411352739726027039e+02,9.358275997373345945e+01
4.419691780821917746e+02,9.381946681780024733e+01
4.428030821917807884e+02,9.405502639580380730e+01
4.436369863013698591e+02,9.428887907135100477e+01
4.444708904109588730e+02,9.452047936711977627e+01
4.453047945205479436e+02,9.474929976140603571e+01
4.461386986301369575e+02,9.497483435972026200e+01
4.469726027397259713e+02,9.519660241591591898e+01
4.478065068493150420e+02,9.541415167837770639e+01
4.486404109589040559e+02,9.562706153801377695e+01
4.494743150684931265e+02,9.583494595617310097e+01
4.503082191780821404e+02,9.603745615213860276e+01
4.511421232876712111e+02,9.623428303151833063e+01
4.519760273972602249e+02,9.642515933865679756e+01
4.528099315068492956e+02,9.660986151810723754e+01
4.536438356164383094e+02,9.678821127222735754e+01
4.544777397260273801e+02,9.696007680407336693e+01
4.553116438356163940e+02,9.712537373695343490e+01
4.561455479452054647e+02,9.728406570425009647e+01
4.569794520547944785e+02,9.743616460541183244e+01
4.578133561643835492e+02,9.758173052633456734e+01
4.586472602739725630e+02,9.772087132468601567e+01
4.594811643835616337e+02,9.785374188305503651e+01
4.603150684931506476e+02,9.798054303511588614e+01
4.611489726027397182e+02,9.810152017227082410e+01
4.619828767123287321e+02,9.821696154045400817e+01
4.628167808219178028e+02,9.832719623893423488e+01
4.636506849315068166e+02,9.843259193502406390e+01
4.644845890410958873e+02,9.853355231057817321e+01
4.653184931506849011e+02,9.863051425802724737e+01
4.661523972602739150e+02,9.872394484543484339e+01
4.669863013698629857e+02,9.881433807166953898e+01
4.678202054794519995e+02,9.890221143424386696e+01
4.686541095890410702e+02,9.898810233367321132e+01
4.694880136986300840e+02,9.907256433934372808e+01
4.703219178082191547e+02,9.915616334284172240e+01
4.711558219178081686e+02,9.923947362547812645e+01
4.719897260273972392e+02,9.932307386733872079e+01
4.728236301369862531e+02,9.940754312559664641e+01
4.736575342465753238e+02,9.949345681003811137e+01
4.744914383561643376e+02,9.958138268377057045e+01
4.753253424657534083e+02,9.967187691690858742e+01
4.761592465753424221e+02,9.976548022066384647e+01
4.769931506849314928e+02,9.986271408870736366e+01
4.778270547945205067e+02,9.996407717192582254e+01
4.786609589041095774e+02,1.000700418117677515e+02
4.794948630136985912e+02,1.001810507562723274e+02
4.803287671232876619e+02,1.002975140816044188e+02
4.811626712328766757e+02,1.004198063404909220e+02
4.819965753424657464e+02,1.005482639573769319e+02
4.828304794520547603e+02,1.006831828884050282e+02
4.836643835616438309e+02,1.008248165624810895e+02
4.844982876712328448e+02,1.009733741177360145e+02
4.853321917808218586e+02,1.011290189456402686e+02
4.861660958904109293e+02,1.012918675528891299e+02
4.869999999999999432e+02,1.014619887489694747e+02
4.878339041095890138e+02,1.016394031650538921e+02
4.886678082191780277e+02,1.018240831075663948e+02
4.895017123287670984e+02,1.020159527474375807e+02
4.903356164383561122e+02,1.022148886437339712e+02
4.911695205479451829e+02,1.024207205980230100e+02
4.920034246575341967e+02,1.026332328335353878e+02
4.928373287671232674e+02,1.028521654909310712e+02
4.936712328767122813e+02,1.030772164302724434e+02
4.945051369863013520e+02,1.033080433266823661e+02
4.953390410958903658e+02,1.035442660451221144e+02
4.961729452054794365e+02,1.037854692777853671e+02
4.970068493150684503e+02,1.040312054257784098e+02
4.978407534246575210e+02,1.042809977050598462e+02
4.986746575342465349e+02,1.045343434550537580e+02
4.995085616438356055e+02,1.047907176269423246e+02
5.003424657534246194e+02,1.050495764273942711e+02
5.011763698630136901e+02,1.053103610924069642e+02
5.020102739726027039e+02,1.055725017650331665e+02
5.028441780821917746e+02,1.058354214500441088e+02
5.036780821917807884e+02,1.060985400180440053e+02
5.045119863013698591e+02,1.063612782312083596e+02
5.053458904109588730e+02,1.066230617626676462e+02
5.061797945205478868e+02,1.068833251816025580e+02
5.070136986301369575e+02,1.071415158763553421e+02
5.078476027397259713e+02,1.073970978882915404e+02
5.086815068493150420e+02,1.076495556297685283e+02
5.095154109589040559e+02,1.078983974603710010e+02
5.103493150684931265e+02,1.081431590965596286e+02
5.111832191780821404e+02,1.083834068310361971e+02
5.120171232876712111e+02,1.086187405394521193e+02
5.128510273972602818e+02,1.088487964535634376e+02
5.136849315068492388e+02,1.090732496815604549e+02
5.145188356164383094e+02,1.092918164580560045e+02
5.153527397260273801e+02,1.095042561080955892e+02
5.161866438356164508e+02,1.097103727115405292e+02
5.170205479452054078e+02,1.099100164562570257e+02
5.178544520547944785e+02,1.101030846707076591e+02
5.186883561643835492e+02,1.102895225287685150e+02
5.195222602739726199e+02,1.104693234218752025e+02
5.203561643835615769e+02,1.106425289959114338e+02
5.211900684931506476e+02,1.108092288525844253e+02
5.220239726027397182e+02,1.109695599173631564e+02
5.228578767123287889e+02,1.111237054783733527e+02
5.236917808219177459e+02,1.112718939029286958e+02
5.245256849315068166e+02,1.114143970406198605e+02
5.253595890410958873e+02,1.115515283240595750e+02
5.261934931506848443e+02,1.116836405804847772e+02
5.270273972602739150e+02,1.118111235694255612e+02
5.278613013698629857e+02,1.119344012635544061e+02
5.286952054794520564e+02,1.120539288916147314e+02
5.295291095890410134e+02,1.121701897639806589e+02
5.303630136986300840e+02,1.122836919029110305e+02
5.311969178082191547e+02,1.123949645009177800e+02
5.320308219178082254e+02,1.125045542318636791e+02
5.328647260273971824e+02,1.126130214404277581e+02
5.336986301369862531e+02,1.127209362364220908e+02
5.345325342465753238e+02,1.128288745211050639e+02
5.353664383561643945e+02,1.129374139731088178e+02
5.362003424657533515e+02,1.130471300218788286e+02
5.370342465753424221e+02,1.131585918366114925e+02
5.378681506849314928e+02,1.132723583585662226e+02
5.387020547945205635e+02,1.133889744043289483e+02
5.395359589041095205e+02,1.135089668671092085e+02
5.403698630136985912e+02,1.136328410424729469e+02
5.412037671232876619e+02,1.137610771040472883e+02
5.420376712328767326e+02,1.138941267536922481e+02
5.428715753424656896e+02,1.140324100694210330e+02
5.437054794520547603e+02,1.141763125729766557e+02
5.445393835616438309e+02,1.143261825374458311e+02
5.453732876712327879e+02,1.144823285536231054e+02
5.462071917808218586e+02,1.146450173720397032e+02
5.470410958904109293e+02,1.148144720356554842e+02
5.478750000000000000e+02,1.149908703161930958e+02
5.487089041095889570e+02,1.151743434649822717e+02
5.495428082191780277e+02,1.153649752869968665e+02
5.503767123287670984e+02,1.155628015445210224e+02
5.512106164383561691e+02,1.157678096945897153e+02
5.520445205479451261e+02,1.159799389620298911e+02
5.528784246575341967e+02,1.161990807475949481e+02
5.537123287671232674e+02,1.164250793683573733e+02
5.545462328767123381e+02,1.166577331252149179e+02
5.553801369863012951e+02,1.168967956900920342e+02
5.562140410958903658e+02,1.171419778031968804e+02
5.570479452054794365e+02,1.173929492685385583e+02
5.578818493150685072e+02,1.176493412338376316e+02
5.587157534246574642e+02,1.179107487389852906e+02
5.595496575342465349e+02,1.181767335153407714e+02
5.603835616438356055e+02,1.184468270164127119e+02
5.612174657534246762e+02,1.187205336588632889e+02
5.620513698630136332e+02,1.189973342513107752e+02
5.628852739726027039e+02,1.192766895871019273e+02
5.637191780821917746e+02,1.195580441760856445e+02
5.645530821917807316e+02,1.198408300894535046e+02
5.653869863013698023e+02,1.201244708909269860e+02
5.662208904109588730e+02,1.204083856269706274e+02
5.670547945205479436e+02,1.206919928483010693e+02
5.678886986301369006e+02,1.209747146347433784e+02
5.687226027397259713e+02,1.212559805954636829e+02
5.695565068493150420e+02,1.215352318167775252e+02
5.703904109589041127e+02,1.218119247300984966e+02
5.712243150684930697e+02,1.220855348731460310e+02
5.720582191780821404e+02,1.223555605182734638e+02
5.728921232876712111e+02,1.226215261427008016e+02
5.737260273972602818e+02,1.228829857165356287e+02
5.745599315068492388e+02,1.231395257857316210e+02
5.753938356164383094e+02,1.233907683285599575e+02
5.762277397260273801e+02,1.236363733657415480e+02
5.770616438356164508e+02,1.238760413061020671e+02
5.778955479452054078e+02,1.241095150114484511e+02
5.787294520547944785e+02,1.243365815663172214e+02
5.795633561643835492e+02,1.245570737402958912e+02
5.803972602739726199e+02,1.247708711327566959e+02
5.812311643835615769e+02,1.249779009920467558e+02
5.820650684931506476e+02,1.251781387034435795e+02
5.828989726027397182e+02,1.253716079424852978e+02
5.837328767123286752e+02,1.255583804926113345e+02
5.845667808219177459e+02,1.257385757283824290e+02
5.854006849315068166e+02,1.259123597678725019e+02
5.862345890410958873e+02,1.260799443001245095e+02
5.870684931506848443e+02,1.262415850958207955e+02
5.879023972602739150e+02,1.263975802115198377e+02
5.887363013698629857e+02,1.265482678999408535e+02
5.895702054794520564e+02,1.266940242408213919e+02
5.904041095890410134e+02,1.268352605088143861e+02
5.912380136986300840e+02,1.269724202967183118e+02
5.920719178082191547e+02,1.271059764140362489e+02
5.929058219178082254e+02,1.272364275824187274e+02
5.937397260273971824e+02,1.273642949509587226e+02
5.945736301369862531e+02,1.274901184555589424e+02
5.954075342465753238e+02,1.276144530476737202e+02
5.962414383561643945e+02,1.277378648186377887e+02
5.970753424657533515e+02,1.278609270465185830e+02
5.979092465753424221e+02,1.279842161929676081e+02
5.987431506849314928e+02,1.281083078778930826e+02
5.995770547945205635e+02,1.282337728599323157e+02
6.004109589041095205e+02,1.283611730506590050e+02
6.012448630136985912e+02,1.284910575902292749e+02
6.020787671232876619e+02,1.286239590117403111e+02
6.029126712328766189e+02,1.287603895209616383e+02
6.037465753424656896e+02,1.289008374172952927e+02
6.045804794520547603e+02,1.290457636808401958e+02
6.054143835616438309e+02,1.291955987492825102e+02
6.062482876712327879e+02,1.293507395070126620e+02
6.070821917808218586e+02,1.295115465073969290e+02
6.079160958904109293e+02,1.296783414475090126e+02
6.087500000000000000e+02,1.298514049128736190e+02
6.095839041095889570e+02,1.300309744078980998e+02
6.104178082191780277e+02,1.302172426856805032e+02
6.112517123287670984e+02,1.304103563888042459e+02
6.120856164383561691e+02,1.306104150105665553e+02
6.129195205479451261e+02,1.308174701838616443e+02
6.137534246575341967e+02,1.310315253026624021e+02
6.145873287671232674e+02,1.312525354787318861e+02
6.154212328767123381e+02,1.314804078338679005e+02
6.162551369863012951e+02,1.317150021256500168e+02
6.170890410958903658e+02,1.319561317023423044e+02
6.179229452054794365e+02,1.322035647803158440e+02
6.187568493150685072e+02,1.324570260351149216e+02
6.195907534246574642e+02,1.327161984951106888e+02
6.204246575342465349e+02,1.329807257245819585e+02
6.212585616438356055e+02,1.332502142810534451e+02
6.220924657534245625e+02,1.335242364298134703e+02
6.229263698630136332e+02,1.338023330967476738e+02
6.237602739726027039e+02,1.340840170389673460e+02
6.245941780821917746e+02,1.343687762111985933e+02
6.254280821917807316e+02,1.346560773045374901e+02
6.262619863013698023e+02,1.349453694329784810e+02
6.270958904109588730e+02,1.352360879420958781e+02
6.279297945205479436e+02,1.355276583134106545e+02
6.287636986301369006e+02,1.358195001373077844e+02
6.295976027397259713e+02,1.361110311268952273e+02
6.304315068493150420e+02,1.364016711449082777e+02
6.312654109589041127e+02,1.366908462156758333e+02
6.320993150684930697e+02,1.369779924942654361e+02
6.329332191780821404e+02,1.372625601652244427e+02
6.337671232876712111e+02,1.375440172438215995e+02
6.346010273972602818e+02,1.378218532533730354e+02
6.354349315068492388e+02,1.380955827530962949e+02
6.362688356164383094e+02,1.383647486919758478e+02
6.371027397260273801e+02,1.386289255653315422e+02
6.379366438356164508e+02,1.388877223521547251e+02
6.387705479452054078e+02,1.391407852127977947e+02
6.396044520547944785e+02,1.393877999282710221e+02
6.404383561643835492e+02,1.396284940641937169e+02
6.412722602739725062e+02,1.398626388443633743e+02
6.421061643835615769e+02,1.400900507209216528e+02
6.429400684931506476e+02,1.403105926302067132e+02
6.437739726027397182e+02,1.405241749255651769e+02
6.446078767123286752e+02,1.407307559806416464e+02
6.454417808219177459e+02,1.409303424589553515e+02
6.462756849315068166e+02,1.411229892478899046e+02
6.471095890410958873e+02,1.413087990575588435e+02
6.479434931506848443e+02,1.414879216873337100e+02
6.487773972602739150e+02,1.416605529651353947e+02
6.496113013698629857e+02,1.418269333668607715e+02
6.504452054794520564e+02,1.419873463255418642e+02
6.512791095890410134e+02,1.421421162419892710e+02
6.521130136986300840e+02,1.422916062107477728e+02
6.529469178082191547e+02,1.424362154771693838e+02
6.537808219178082254e+02,1.425763766432787065e+02
6.546147260273971824e+02,1.427125526418510049e+02
6.554486301369862531e+02,1.428452334997341779e+02
6.562825342465753238e+02,1.429749329129104183e+02
6.571164383561643945e+02,1.431021846571025264e+02
6.579503424657533515e+02,1.432275388588719522e+02
6.587842465753424221e+02,1.433515581531254099e+02
6.596181506849314928e+02,1.434748137537366972e+02
6.604520547945204498e+02,1.435978814645937405e+02
6.612859589041095205e+02,1.437213376587954770e+02
6.621198630136985912e+02,1.438457552539436790e+02
6.629537671232876619e+02,1.439716997115030779e+02
6.637876712328766189e+02,1.440997250880348020e+02
6.646215753424656896e+02,1.442303701657483543e+02
6.654554794520547603e+02,1.443641546892657743e+02
6.662893835616438309e+02,1.445015757347534304e+02
6.671232876712327879e+02,1.446431042366571944e+02
6.679571917808218586e+02,1.447891816961812594e+02
6.687910958904109293e+02,1.449402170943872363e+02
6.696250000000000000e+02,1.450965840313695310e+02
6.704589041095889570e+02,1.452586181113897226e+02
6.712928082191780277e+02,1.454266145921453131e+02
6.721267123287670984e+02,1.456008263145109822e+02
6.729606164383561691e+02,1.457814619271416916e+02
6.737945205479451261e+02,1.459686844182784000e+02
6.746284246575341967e+02,1.461626099649608364e+02
6.754623287671232674e+02,1.463633071076467331e+02
6.762962328767123381e+02,1.465707962559754947e+02
6.771301369863012951e+02,1.467850495291115180e+02
6.779640410958903658e+02,1.470059909317789959e+02
6.787979452054794365e+02,1.472334968647655558e+02
6.796318493150683935e+02,1.474673969663477635e+02
6.804657534246574642e+02,1.477074752787923728e+02
6.812996575342465349e+02,1.479534717318271930e+02
6.821335616438356055e+02,1.482050839327724532e+02
6.829674657534245625e+02,1.484619692508931905e+02
6.838013698630136332e+02,1.487237471814876528e+02
6.846352739726027039e+02,1.489900019732817498e+02
6.854691780821917746e+02,1.492602855008717029e+02
6.863030821917807316e+02,1.495341203622525938e+02
6.871369863013698023e+02,1.498110031799054980e+02
6.879708904109588730e+02,1.500904080825029041e+02
6.888047945205479436e+02,1.503717903430359115e+02
6.896386986301369006e+02,1.506545901480791940e+02
6.904726027397259713e+02,1.509382364719990051e+02
6.913065068493150420e+02,1.512221510291800826e+02
6.921404109589041127e+02,1.515057522768040883e+02
6.929743150684930697e+02,1.517884594403632548e+02
6.938082191780821404e+02,1.520696965339312783e+02
6.946421232876712111e+02,1.523488963472535147e+02
6.954760273972602818e+02,1.526255043719473008e+02
6.963099315068492388e+02,1.528989826395257126e+02
6.971438356164383094e+02,1.531688134445735159e+02
6.979777397260273801e+02,1.534345029271990484e+02
6.988116438356163371e+02,1.536955844898658086e+02
6.996455479452054078e+02,1.539516220248589207e+02
7.004794520547944785e+02,1.542022129299555502e+02
7.013133561643835492e+02,1.544469908913422955e+02
7.021472602739725062e+02,1.546856284144395772e+02
7.029811643835615769e+02,1.549178390850452445e+02
7.038150684931506476e+02,1.551433795450823538e+02
7.046489726027397182e+02,1.553620511692228376e+02
7.054828767123286752e+02,1.555737014307338768e+02
7.063167808219177459e+02,1.557782249470565716e+02
7.071506849315068166e+02,1.559755641978504457e+02
7.079845890410958873e+02,1.561657099105154600e+02
7.088184931506848443e+02,1.563487011105116267e+02
7.096523972602739150e+02,1.565246248361290782e+02
7.104863013698629857e+02,1.566936155196910363e+02
7.113202054794520564e+02,1.568558540394911347e+02
7.121541095890410134e+02,1.570115664490554934e+02
7.129880136986300840e+02,1.571610223925621028e+02
7.138219178082191547e+02,1.573045332174301905e+02
7.146558219178082254e+02,1.574424497971992878e+02
7.154897260273971824e+02,1.575751600798288052e+02
7.163236301369862531e+02,1.577030863784584653e+02
7.171575342465753238e+02,1.578266824234594878e+02
7.179914383561643945e+02,1.579464301962654815e+02
7.188253424657533515e+02,1.580628365669886648e+02
7.196592465753424221e+02,1.581764297591907678e+02
7.204931506849314928e+02,1.582877556663782741e+02
7.213270547945204498e+02,1.583973740458242787e+02
7.221609589041095205e+02,1.585058546161695290e+02
7.229948630136985912e+02,1.586137730859248904e+02
7.238287671232876619e+02,1.587217071404785713e+02
7.246626712328766189e+02,1.588302324154978180e+02
7.254965753424656896e+02,1.589399184847113133e+02
7.263304794520547603e+02,1.590513248899575558e+02
7.271643835616438309e+02,1.591649972410903615e+02
7.279982876712327879e+02,1.592814634128486944e+02
7.288321917808218586e+02,1.594012298651218487e+02
7.296660958904109293e+02,1.595247781121860271e+02
7.305000000000000000e+02,1.596525613654502820e+02
7.313339041095889570e+02,1.597850013730462422e+02
7.321678082191780277e+02,1.599224854782266618e+02
7.330017123287670984e+02,1.600653639170172653e+02
7.338356164383561691e+02,1.602139473739040341e+02
7.346695205479451261e+02,1.603685048125443586e+02
7.355034246575341967e+02,1.605292615965791185e+02
7.363373287671232674e+02,1.606963979136066314e+02
7.371712328767123381e+02,1.608700475132722261e+02
7.380051369863012951e+02,1.610502967682448343e+02
7.388390410958903658e+02,1.612371840646071632e+02
7.396729452054794365e+02,1.614306995258959034e+02
7.405068493150683935e+02,1.616307850727124560e+02
7.413407534246574642e+02,1.618373348174889088e+02
7.421746575342465349e+02,1.620501957916664253e+02
7.430085616438356055e+02,1.622691690002339726e+02
7.438424657534245625e+02,1.624940107962977152e+02
7.446763698630136332e+02,1.627244345661290765e+02
7.455102739726027039e+02,1.629601127129809583e+02
7.463441780821917746e+02,1.632006789258856827e+02
7.471780821917807316e+02,1.634457307176662653e+02
7.480119863013698023e+02,1.636948322145238990e+02
7.488458904109588730e+02,1.639475171778134097e+02
7.496797945205479436e+02,1.642032922370069628e+02
7.505136986301369006e+02,1.644616403113772947e+02
7.513476027397259713e+02,1.647220241966208221e+02
7.521815068493150420e+02,1.649838902914934806e+02
7.530154109589041127e+02,1.652466724385612622e+02
7.538493150684930697e+02,1.655097958523716954e+02
7.546832191780821404e+02,1.657726811077469335e+02
7.555171232876712111e+02,1.660347481604804614e+02
7.563510273972602818e+02,1.662954203724937088e+02
7.571849315068492388e+02,1.665541285134792133e+02
7.580188356164383094e+02,1.668103147112196893e+02
7.588527397260273801e+02,1.670634363231273483e+02
7.596866438356163371e+02,1.673129697020992523e+02
7.605205479452054078e+02,1.675584138305152351e+02
7.613544520547944785e+02,1.677992937971222887e+02
7.621883561643835492e+02,1.680351640926434129e+02
7.630222602739725062e+02,1.682656117012053016e+02
7.638561643835615769e+02,1.684902589661008392e+02
7.646900684931506476e+02,1.687087662099696104e+02
7.655239726027397182e+02,1.689208340911871176e+02
7.663578767123286752e+02,1.691262056800852918e+02
7.671917808219177459e+02,1.693246682405761874e+02
7.680256849315068166e+02,1.695160547047960051e+02
7.688595890410958873e+02,1.697002448305215694e+02
7.696934931506848443e+02,1.698771660333154614e+02
7.705273972602739150e+02,1.700467938876166443e+02
7.713613013698629857e+02,1.702091522932939256e+02
7.721952054794520564e+02,1.703643133065058350e+02
7.730291095890410134e+02,1.705123966360418137e+02
7.738630136986300840e+02,1.706535688086455025e+02
7.746969178082191547e+02,1.707880420091214546e+02
7.755308219178082254e+02,1.709160726032867217e+02
7.763647260273971824e+02,1.710379593540322105e+02
7.771986301369862531e+02,1.711540413428930947e+02
7.780325342465753238e+02,1.712646956115728472e+02
7.788664383561642808e+02,1.713703345398122053e+02
7.797003424657533515e+02,1.714714029778270969e+02
7.805342465753424221e+02,1.715683751532450572e+02
7.813681506849314928e+02,1.716617513740362426e+02
7.822020547945204498e+02,1.717520545503543303e+02
7.830359589041095205e+02,1.718398265594597945e+02
7.838698630136985912e+02,1.719256244789891355e+02
7.847037671232876619e+02,1.720100167147490424e+02
7.855376712328766189e+02,1.720935790499468965e+02
7.863715753424656896e+02,1.721768906433148629e+02
7.872054794520547603e+02,1.722605300039409428e+02
7.880393835616438309e+02,1.723450709707813360e+02
7.888732876712327879e+02,1.724310787247961514e+02
7.897071917808218586e+02,1.725191058614240092e+02
7.905410958904109293e+02,1.726096885506914305e+02
7.913750000000000000e+02,1.727033428116439211e+02
7.922089041095889570e+02,1.728005609269912952e+02
7.930428082191780277e+02,1.729018080228851488e+02
7.938767123287670984e+02,1.730075188375982123e+02
7.947106164383561691e+02,1.731180947015638765e+02
7.955445205479451261e+02,1.732339007497633929e+02
7.963784246575341967e+02,1.733552633858350589e+02
7.972123287671232674e+02,1.734824680155289798e+02
7.980462328767122244e+02,1.736157570652599418e+02
7.988801369863012951e+02,1.737553282995292534e+02
7.997140410958903658e+02,1.739013334489087867e+02
8.005479452054794365e+02,1.740538771581228161e+02
8.013818493150683935e+02,1.742130162615382289e+02
8.022157534246574642e+02,1.743787593910980434e+02
8.030496575342465349e+02,1.745510669194226807e+02
8.038835616438356055e+02,1.747298512384751064e+02
8.047174657534245625e+02,1.749149773718515348e+02
8.055513698630136332e+02,1.751062639164433108e+02
8.063852739726027039e+02,1.753034843069247586e+02
8.072191780821917746e+02,1.755063683942782404e+02
8.080530821917807316e+02,1.757146043273861267e+02
8.088869863013698023e+02,1.759278407246125369e+02
8.097208904109588730e+02,1.761456891202811335e+02
8.105547945205479436e+02,1.763677266690473573e+02
8.113886986301369006e+02,1.765934990893683505e+02
8.122226027397259713e+02,1.768225238256139278e+02
8.130565068493150420e+02,1.770542934068413956e+02
8.138904109589041127e+02,1.772882789788915261e+02
8.147243150684930697e+02,1.775239339852558658e+02
8.155582191780821404e+02,1.777606979711351016e+02
8.163921232876712111e+02,1.779980004842487631e+02
8.172260273972601681e+02,1.782352650452859564e+02
8.180599315068492388e+02,1.784719131604027211e+02
8.188938356164383094e+02,1.787073683478784858e+02
8.197277397260273801e+02,1.789410601509461856e+02
8.205616438356163371e+02,1.791724281089075248e+02
8.213955479452054078e+02,1.794009256589328061e+02
8.222294520547944785e+02,1.796260239414282296e+02
8.230633561643835492e+02,1.798472154825234952e+02
8.238972602739725062e+02,1.800640177280852470e+02
8.247311643835615769e+02,1.802759764046957116e+02
8.255650684931506476e+02,1.804826686842367280e+02
8.263989726027397182e+02,1.806837061300851701e+02
8.272328767123286752e+02,1.808787374044437399e+02
8.280667808219177459e+02,1.810674507179907096e+02
8.289006849315068166e+02,1.812495760048223019e+02
8.297345890410958873e+02,1.814248868075729320e+02
8.305684931506848443e+02,1.815932018596102466e+02
8.314023972602739150e+02,1.817543863533085755e+02
8.322363013698629857e+02,1.819083528855853160e+02
8.330702054794520564e+02,1.820550620741294949e+02
8.339041095890410134e+02,1.821945228400373935e+02
8.347380136986300840e+02,1.823267923548918930e+02
8.355719178082191547e+02,1.824519756526517256e+02
8.364058219178081117e+02,1.825702249090475959e+02
8.372397260273971824e+02,1.826817383934930490e+02
8.380736301369862531e+02,1.827867591007928922e+02
8.389075342465753238e+02,1.828855730721584791e+02
8.397414383561642808e+02,1.829785074171981023e+02
8.405753424657533515e+02,1.830659280506283153e+02
8.414092465753424221e+02,1.831482371594356664e+02
8.422431506849314928e+02,1.832258704180912332e+02
8.430770547945204498e+02,1.832992939711706128e+02
8.439109589041095205e+02,1.833690012043500701e+02
8.447448630136985912e+02,1.834355093262191190e+02
8.455787671232876619e+02,1.834993557846644876e+02
8.464126712328766189e+02,1.835610945427316949e+02
8.472465753424656896e+02,1.836212922398447631e+02
8.480804794520547603e+02,1.836805242650632408e+02
8.489143835616438309e+02,1.837393707696663796e+02
8.497482876712327879e+02,1.837984126467755743e+02
8.505821917808218586e+02,1.838582275059557958e+02
8.514160958904109293e+02,1.839193856707714190e+02
8.522500000000000000e+02,1.839824462271125753e+02
8.530839041095889570e+02,1.840479531497543064e+02
8.539178082191780277e+02,1.841164315340690507e+02
8.547517123287670984e+02,1.841883839590795446e+02
8.555856164383560554e+02,1.842642870071289281e+02
8.564195205479451261e+02,1.843445879643547016e+02
8.572534246575341967e+02,1.844297017248973134e+02
8.580873287671232674e+02,1.845200079203575854e+02
8.589212328767122244e+02,1.846158482944531158e+02
8.597551369863012951e+02,1.847175243411176666e+02
8.605890410958903658e+02,1.848252952224582657e+02
8.614229452054794365e+02,1.849393759810389213e+02
8.622568493150683935e+02,1.850599360589147295e+02
8.630907534246574642e+02,1.851870981337078490e+02
8.639246575342465349e+02,1.853209372798136485e+02
8.647585616438356055e+02,1.854614804605655252e+02
8.655924657534245625e+02,1.856087063548870333e+02
8.664263698630136332e+02,1.857625455196353244e+02
8.672602739726027039e+02,1.859228808865055669e+02
8.680941780821917746e+02,1.860895485900433926e+02
8.689280821917807316e+02,1.862623391210088641e+02
8.697619863013698023e+02,1.864409987970747977e+02
8.705958904109588730e+02,1.866252315406383389e+02
8.714297945205479436e+02,1.868147009513881756e+02
8.722636986301369006e+02,1.870090326592219867e+02
8.730976027397259713e+02,1.872078169411618376e+02
8.739315068493150420e+02,1.874106115840771736e+02
8.747654109589039990e+02,1.876169449733201304e+02
8.755993150684930697e+02,1.878263193858057036e+02
8.764332191780821404e+02,1.880382144646490588e+02
8.772671232876712111e+02,1.882520908512102267e+02
8.781010273972601681e+02,1.884673939493032435e+02
8.789349315068492388e+02,1.886835577954070118e+02
8.797688356164383094e+02,1.889000090079790937e+02
8.806027397260273801e+02,1.891161707884247960e+02
8.814366438356163371e+02,1.893314669459123820e+02
8.822705479452054078e+02,1.895453259180627015e+02
8.831044520547944785e+02,1.897571847595677070e+02
8.839383561643835492e+02,1.899664930710158046e+02
8.847722602739725062e+02,1.901727168406189321e+02
8.856061643835615769e+02,1.903753421721396535e+02
8.864400684931506476e+02,1.905738788731082707e+02
8.872739726027397182e+02,1.907678638783910969e+02
8.881078767123286752e+02,1.909568644853156627e+02
8.889417808219177459e+02,1.911404813778668768e+02
8.897756849315068166e+02,1.913183514189352650e+02
8.906095890410958873e+02,1.914901501912111144e+02
8.914434931506848443e+02,1.916555942690625614e+02
8.922773972602739150e+02,1.918144432056087680e+02
8.931113013698629857e+02,1.919665012211756903e+02
8.939452054794519427e+02,1.921116185813993411e+02
8.947791095890410134e+02,1.922496926553971548e+02
8.956130136986300840e+02,1.923806686466523672e+02
8.964469178082191547e+02,1.925045399915302085e+02
8.972808219178081117e+02,1.926213484226555295e+02
8.981147260273971824e+02,1.927311836967096497e+02
8.989486301369862531e+02,1.928341829885369521e+02
8.997825342465753238e+02,1.929305299557719593e+02
9.006164383561642808e+02,1.930204534804845196e+02
9.014503424657533515e+02,1.931042260965892012e+02
9.022842465753424221e+02,1.931821621139459353e+02
9.031181506849314928e+02,1.932546154521882897e+02
9.039520547945204498e+02,1.933219771993328209e+02
9.047859589041095205e+02,1.933846729121362102e+02
9.056198630136985912e+02,1.934431596769600787e+02
9.064537671232876619e+02,1.934979229515703310e+02
9.072876712328766189e+02,1.935494732098181885e+02
9.081215753424656896e+02,1.935983424125210206e+02
9.089554794520547603e+02,1.936450803290688043e+02
9.097893835616438309e+02,1.936902507353199212e+02
9.106232876712327879e+02,1.937344275142085337e+02
9.114571917808218586e+02,1.937781906861635832e+02
9.122910958904109293e+02,1.938221223969256357e+02
9.131249999999998863e+02,1.938668028906454595e+02
9.139589041095889570e+02,1.939128064962491749e+02
9.147928082191780277e+02,1.939606976549630417e+02
9.156267123287670984e+02,1.940110270166054818e+02
9.164606164383560554e+02,1.940643276317751997e+02
9.172945205479451261e+02,1.941211112663982021e+02
9.181284246575341967e+02,1.941818648642455685e+02
9.189623287671232674e+02,1.942470471820070657e+02
9.197962328767122244e+02,1.943170856203036294e+02
9.206301369863012951e+02,1.943923732726632636e+02
9.214640410958903658e+02,1.944732662129671326e+02
9.222979452054794365e+02,1.945600810402173693e+02
9.231318493150683935e+02,1.946530926976884075e+02
9.239657534246574642e+02,1.947525325816178565e+02
9.247996575342465349e+02,1.948585869525791736e+02
9.256335616438356055e+02,1.949713956605765475e+02
9.264674657534245625e+02,1.950910511927204141e+02
9.273013698630136332e+02,1.952175980501012589e+02
9.281352739726027039e+02,1.953510324581907298e+02
9.289691780821917746e+02,1.954913024127817494e+02
9.298030821917807316e+02,1.956383080611464038e+02
9.306369863013698023e+02,1.957919024157619390e+02
9.314708904109588730e+02,1.959518923956426590e+02
9.323047945205478300e+02,1.961180401880389752e+02
9.331386986301369006e+02,1.962900649210394022e+02
9.339726027397259713e+02,1.964676446354484654e+02
9.348065068493150420e+02,1.966504185422355988e+02
9.356404109589039990e+02,1.968379895498644601e+02
9.364743150684930697e+02,1.970299270439359134e+02
9.373082191780821404e+02,1.972257698998255364e+02
9.381421232876712111e+02,1.974250297073767797e+02
9.389760273972601681e+02,1.976271941852359930e+02
9.398099315068492388e+02,1.978317307611000331e+02
9.406438356164383094e+02,1.980380902929912850e+02
9.414777397260273801e+02,1.982457109056966829e+02
9.423116438356163371e+02,1.984540219157063916e+02
9.431455479452054078e+02,1.986624478173728789e+02
9.439794520547944785e+02,1.988704123025843273e+02
9.448133561643835492e+02,1.990773422860162611e+02
9.456472602739725062e+02,1.992826719079836266e+02
9.464811643835615769e+02,1.994858464870725072e+02
9.473150684931506476e+02,1.996863263950798455e+02
9.481489726027397182e+02,1.998835908273292148e+02
9.489828767123286752e+02,2.000771414421575685e+02
9.498167808219177459e+02,2.002665058442774750e+02
9.506506849315068166e+02,2.004512408878047154e+02
9.514845890410957736e+02,2.006309357759932084e+02
9.523184931506848443e+02,2.008052149361338365e+02
9.531523972602739150e+02,2.009737406496350616e+02
9.539863013698629857e+02,2.011362154190044294e+02
9.548202054794519427e+02,2.012923840552808485e+02
9.556541095890410134e+02,2.014420354714068537e+02
9.564880136986300840e+02,2.015850041690767966e+02
9.573219178082191547e+02,2.017211714087262351e+02
9.581558219178081117e+02,2.018504660545287663e+02
9.589897260273971824e+02,2.019728650885274419e+02
9.598236301369862531e+02,2.020883937903253127e+02
9.606575342465753238e+02,2.021971255810854586e+02
9.614914383561642808e+02,2.022991815329229439e+02
9.623253424657533515e+02,2.023947295470975405e+02
9.631592465753424221e+02,2.024839832067163456e+02
9.639931506849314928e+02,2.025672003119200610e+02
9.648270547945204498e+02,2.026446811077304631e+02
9.656609589041095205e+02,2.027167662168750724e+02
9.664948630136985912e+02,2.027838342919536672e+02
9.673287671232876619e+02,2.028462994032633446e+02
9.681626712328766189e+02,2.029046081804343089e+02
9.689965753424656896e+02,2.029592367277412279e+02
9.698304794520547603e+02,2.030106873345269491e+02
9.706643835616437173e+02,2.030594850035992351e+02
9.714982876712327879e+02,2.031061738217272250e+02
9.723321917808218586e+02,2.031513131974604391e+02
9.731660958904109293e+02,2.031954739924162823e+02
9.739999999999998863e+02,2.032392345729219585e+02
9.748339041095889570e+02,2.032831768094501683e+02
9.756678082191780277e+02,2.033278820516510166e+02
9.765017123287670984e+02,2.033739271069519532e+02
9.773356164383560554e+02,2.034218802506731549e+02
9.781695205479451261e+02,2.034722972953858573e+02
9.790034246575341967e+02,2.035257177468310203e+02
9.798373287671232674e+02,2.035826610731119501e+02
9.806712328767122244e+02,2.036436231130893475e+02
9.815051369863012951e+02,2.037090726489385588e+02
9.823390410958903658e+02,2.037794481666880415e+02
9.831729452054794365e+02,2.038551548272520506e+02
9.840068493150683935e+02,2.039365616690074603e+02
9.848407534246574642e+02,2.040239990613550560e+02
9.856746575342465349e+02,2.041177564269615630e+02
9.865085616438356055e+02,2.042180802485120239e+02
9.873424657534245625e+02,2.043251723738231647e+02
9.881763698630136332e+02,2.044391886310968971e+02
9.890102739726027039e+02,2.045602377639357599e+02
9.898441780821916609e+02,2.046883806935211396e+02
9.906780821917807316e+02,2.048236301130806112e+02
9.915119863013698023e+02,2.049659504174615563e+02
9.923458904109588730e+02,2.051152579682994883e+02
9.931797945205478300e+02,2.052714216929365705e+02
9.940136986301369006e+02,2.054342640129272297e+02
9.948476027397259713e+02,2.056035620956758123e+02
9.956815068493150420e+02,2.057790494205072775e+02
9.965154109589039990e+02,2.059604176482845332e+02
9.973493150684930697e+02,2.061473187815782921e+02
9.981832191780821404e+02,2.063393676003751693e+02
9.990171232876712111e+02,2.065361443563940327e+02
9.998510273972601681e+02,2.067371977072851905e+02
1.000684931506849239e+03,2.069420478703184756e+02
1.001518835616438309e+03,2.071501899736398400e+02
1.002352739726027380e+03,2.073610975818064617e+02
1.003186643835616337e+03,2.075742263710954774e+02
1.004020547945205408e+03,2.077890179290423589e+02
1.004854452054794478e+03,2.080049036518011292e+02
1.005688356164383549e+03,2.082213087122397326e+02
1.006522260273972506e+03,2.084376560711900197e+02
1.007356164383561577e+03,2.086533705039745143e+02
1.008190068493150648e+03,2.088678826142243565e+02
1.009023972602739718e+03,2.090806328070910638e+02
1.009857876712328675e+03,2.092910751942383456e+02
1.010691780821917746e+03,2.094986814034727161e+02
1.011525684931506817e+03,2.097029442665353827e+02
1.012359589041095774e+03,2.099033813594246283e+02
1.013193493150684844e+03,2.100995383706422786e+02
1.014027397260273915e+03,2.102909922739540889e+02
1.014861301369862986e+03,2.104773542836130957e+02
1.015695205479451943e+03,2.106582725715052220e+02
1.016529109589041013e+03,2.108334347273334686e+02
1.017363013698630084e+03,2.110025699447400882e+02
1.018196917808219155e+03,2.111654509181733204e+02
1.019030821917808112e+03,2.113218954373144243e+02
1.019864726027397182e+03,2.114717676679825047e+02
1.020698630136986253e+03,2.116149791106138309e+02
1.021532534246575324e+03,2.117514892296538846e+02
1.022366438356164281e+03,2.118813057494865859e+02
1.023200342465753351e+03,2.120044846148424824e+02
1.024034246575342422e+03,2.121211296159611663e+02
1.024868150684931379e+03,2.122313916811111199e+02
1.025702054794520564e+03,2.122301596222054343e+02
1.026535958904109521e+03,2.122032060393364929e+02
1.027369863013698478e+03,2.121705931881727736e+02
1.028203767123287662e+03,2.121326470409781564e+02
1.029037671232876619e+03,2.120897324316317167e+02
1.029871575342465576e+03,2.120422505331771390e+02
1.030705479452054760e+03,2.119906360826914238e+02
1.031539383561643717e+03,2.119353543727592921e+02
1.032373287671232902e+03,2.118768980304611205e+02
1.033207191780821859e+03,2.118157836062599984e+02
1.034041095890410816e+03,2.117525479964929218e+02
1.034875000000000000e+03,2.116877447243296899e+02
1.035708904109588957e+03,2.116219401050457805e+02
1.036542808219177914e+03,2.115557093222581955e+02
1.037376712328767098e+03,2.114896324423947362e+02
1.038210616438356055e+03,2.114242903950946015e+02
1.039044520547945240e+03,2.113602609474749841e+02
1.039878424657534197e+03,2.112981147002417401e+02
1.040712328767123154e+03,2.112384111334704642e+02
1.041546232876712338e+03,2.111816947295380089e+02
1.042380136986301295e+03,2.111284912001496821e+02
1.043214041095890252e+03,2.110793038436826237e+02
1.044047945205479436e+03,2.110346100581613484e+02
1.044881849315068393e+03,2.109948580340992521e+02
1.045715753424657578e+03,2.109604636501892685e+02
1.046549657534246535e+03,2.109318075934182275e+02
1.047383561643835492e+03,2.109092327236195672e+02
1.048217465753424676e+03,2.108930417007783831e+02
1.049051369863013633e+03,2.108834948915800851e+02
1.049885273972602590e+03,2.108808085697499166e+02
1.050719178082191775e+03,2.108851534226906494e+02
1.051553082191780732e+03,2.108966533747965286e+02
1.052386986301369689e+03,2.109153847356209894e+02
1.053220890410958873e+03,2.109413756788168257e+02
1.054054794520547830e+03,2.109746060554704172e+02
1.054888698630137014e+03,2.110150075431262451e+02
1.055722602739725971e+03,2.110624641294653259e+02
1.056556506849314928e+03,2.111168129272755323e+02
1.057390410958904113e+03,2.111778453150493533e+02
1.058224315068493070e+03,2.112453083952808868e+02
1.059058219178082027e+03,2.113189067603273372e+02
1.059892123287671211e+03,2.113983045535607062e+02
1.060726027397260168e+03,2.114831278114850761e+02
1.061559931506849352e+03,2.115729670705414094e+02
1.062393835616438309e+03,2.116673802204813342e+02
1.063227739726027266e+03,2.117658955844796651e+02
1.064061643835616451e+03,2.118680152045780005e+02
1.064895547945205408e+03,2.119732183096254232e+02
1.065729452054794365e+03,2.120809649416136722e+02
1.066563356164383549e+03,2.121906997152039196e+02
1.067397260273972506e+03,2.123018556843158535e+02
1.068231164383561463e+03,2.124138582889061126e+02
1.069065068493150648e+03,2.125261293545061676e+02
1.069898972602739605e+03,2.126380911167218812e+02
1.070732876712328789e+03,2.127491702427253983e+02
1.071566780821917746e+03,2.128588018217886315e+02
1.072400684931506703e+03,2.129664332971254908e+02
1.073234589041095887e+03,2.130715283117144736e+02
1.074068493150684844e+03,2.131735704413750625e+02
1.074902397260273801e+03,2.132720667891515802e+02
1.075736301369862986e+03,2.133665514160236967e+02
1.076570205479451943e+03,2.134565885841003023e+02
1.077404109589041127e+03,2.135417757897564570e+02
1.078238013698630084e+03,2.136217465656322645e+02
1.079071917808219041e+03,2.136961730320207664e+02
1.079905821917808225e+03,2.137647681799116128e+02
1.080739726027397182e+03,2.138272878698236639e+02
1.081573630136986139e+03,2.138835325325345593e+02
1.082407534246575324e+03,2.139333485598866673e+02
1.083241438356164281e+03,2.139766293760034728e+02
1.084075342465753465e+03,2.140133161814711684e+02
1.084909246575342422e+03,2.140433983653129246e+02
1.085743150684931379e+03,2.140669135818931750e+02
1.086577054794520564e+03,2.140839474922161116e+02
1.087410958904109521e+03,2.140946331714171151e+02
1.088244863013698478e+03,2.140991501865644011e+02
1.089078767123287662e+03,2.140977233511797237e+02
1.089912671232876619e+03,2.140906211651343369e+02
1.090746575342465576e+03,2.140781539507627258e+02
1.091580479452054760e+03,2.140606716981471607e+02
1.092414383561643717e+03,2.140385616345488984e+02
1.093248287671232902e+03,2.140122455348776782e+02
1.094082191780821859e+03,2.139821767918915612e+02
1.094916095890410816e+03,2.139488372664890505e+02
1.095750000000000000e+03,2.139127339399834682e+02
1.096583904109588957e+03,2.138743953916261091e+02
1.097417808219177914e+03,2.138343681258588447e+02
1.098251712328767098e+03,2.137932127748220523e+02
1.099085616438356055e+03,2.137515002025091349e+02
1.099919520547945240e+03,2.137098075376446218e+02
1.100753424657534197e+03,2.136687141628561051e+02
1.101587328767123154e+03,2.136287976880153110e+02
1.102421232876712338e+03,2.135906299357338298e+02
1.103255136986301295e+03,2.135547729669128501e+02
1.104089041095890252e+03,2.135217751739703829e+02
1.104922945205479436e+03,2.134921674688968665e+02
1.105756849315068393e+03,2.134664595926326740e+02
1.106590753424657350e+03,2.134451365714161852e+02
1.107424657534246535e+03,2.134286553447319079e+02
1.108258561643835492e+03,2.134174415882931726e+02
1.109092465753424676e+03,2.134118867541400562e+02
1.109926369863013633e+03,2.134123453484235995e+02
1.110760273972602590e+03,2.134191324657959683e+02
1.111594178082191775e+03,2.134325215975417507e+02
1.112428082191780732e+03,2.134527427286849104e+02
1.113261986301369689e+03,2.134799807372955911e+02
1.114095890410958873e+03,2.135143741071220802e+02
1.114929794520547830e+03,2.135560139624953422e+02
1.115763698630137014e+03,2.136049434322132470e+02
1.116597602739725971e+03,2.136611573468259451e+02
1.117431506849314928e+03,2.137246022714265337e+02
1.118265410958904113e+03,2.137951768737190719e+02
1.119099315068493070e+03,2.138727326248058489e+02
1.119933219178082027e+03,2.139570748278249823e+02
1.120767123287671211e+03,2.140479639672879273e+02
1.121601027397260168e+03,2.141451173697405466e+02
1.122434931506849352e+03,2.142482111642062534e+02
1.123268835616438309e+03,2.143568825287862580e+02
1.124102739726027266e+03,2.144707322078039908e+02
1.124936643835616451e+03,2.145893272819996582e+02
1.125770547945205408e+03,2.147122041725224904e+02
1.126604452054794365e+03,2.148388718578440262e+02
1.127438356164383549e+03,2.149688152812352087e+02
1.128272260273972506e+03,2.151014989251249290e+02
1.129106164383561463e+03,2.152363705275010375e+02
1.129940068493150648e+03,2.153728649145230918e+02
1.130773972602739605e+03,2.155104079227122895e+02
1.131607876712328789e+03,2.156484203834596940e+02
1.132441780821917746e+03,2.157863221421607420e+02
1.133275684931506703e+03,2.159235360840445139e+02
1.134109589041095887e+03,2.160594921387180136e+02
1.134943493150684844e+03,2.161936312355951202e+02
1.135777397260273801e+03,2.163254091827210459e+02
1.136611301369862986e+03,2.164543004420343664e+02
1.137445205479451943e+03,2.165798017748297184e+02
1.138279109589041127e+03,2.167014357320863098e+02
1.139113013698630084e+03,2.168187539654045111e+02
1.139946917808219041e+03,2.169313403355404546e+02
1.140780821917808225e+03,2.170388137969355853e+02
1.141614726027397182e+03,2.171408310381934541e+02
1.142448630136986139e+03,2.172370888601541878e+02
1.143282534246575324e+03,2.173273262750387858e+02
1.144116438356164281e+03,2.174113263120757154e+02
1.144950342465753465e+03,2.174889175170607416e+02
1.145784246575342422e+03,2.175599751354291413e+02
1.146618150684931379e+03,2.176244219706185277e+02
1.147452054794520564e+03,2.176822289117571074e+02
1.148285958904109521e+03,2.177334151270111136e+02
1.149119863013698478e+03,2.177780479212475484e+02
1.149953767123287662e+03,2.178162422590027631e+02
1.150787671232876619e+03,2.178481599560724931e+02
1.151621575342465576e+03,2.178740085453426047e+02
1.152455479452054760e+03,2.178940398247432313e+02
1.153289383561643717e+03,2.179085480974192421e+02
1.154123287671232902e+03,2.179178681163479325e+02
1.154957191780821859e+03,2.179223727476891384e+02
1.155791095890410816e+03,2.179224703691091065e+02
1.156625000000000000e+03,2.179186020211589891e+02
1.157458904109588957e+03,2.179112383315075192e+02
1.158292808219177914e+03,2.179008762334040910e+02
1.159126712328767098e+03,2.178880355011801271e+02
1.159960616438356055e+03,2.178732551268671500e+02
1.160794520547945240e+03,2.178570895631147835e+02
1.161628424657534197e+03,2.178401048585204194e+02
1.162462328767123154e+03,2.178228747122315383e+02
1.163296232876712338e+03,2.178059764752406409e+02
1.164130136986301295e+03,2.177899871261647036e+02
1.164964041095890252e+03,2.177754792494786500e+02
1.165797945205479436e+03,2.177630170441535711e+02
1.166631849315068393e+03,2.177531523904409312e+02
1.167465753424657350e+03,2.177464210021391580e+02
1.168299657534246535e+03,2.177433386910846593e+02
1.169133561643835492e+03,2.177443977698296464e+02
1.169967465753424676e+03,2.177500636175094826e+02
1.170801369863013633e+03,2.177607714327660631e+02
1.171635273972602590e+03,2.177769231962966501e+02
1.172469178082191775e+03,2.177988848641378468e+02
1.173303082191780732e+03,2.178269838111927470e+02
1.174136986301369689e+03,2.178615065427694617e+02
1.174970890410958873e+03,2.179026966900364641e+02
1.175804794520547830e+03,2.179507533033268203e+02
1.176638698630137014e+03,2.180058294551544975e+02
1.177472602739725971e+03,2.180680311626518346e+02
1.178306506849314928e+03,2.181374166369182603e+02
1.179140410958904113e+03,2.182139958644987985e+02
1.179974315068493070e+03,2.182977305239010661e+02
1.180808219178082027e+03,2.183885342377327845e+02
1.181642123287671211e+03,2.184862731587080020e+02
1.182476027397260168e+03,2.185907668854505914e+02
1.183309931506849352e+03,2.187017897017306609e+02
1.184143835616438309e+03,2.188190721305231250e+02
1.184977739726027266e+03,2.189423027920886113e+02
1.185811643835616451e+03,2.190711305531633002e+02
1.186645547945205408e+03,2.192051669523234523e+02
1.187479452054794365e+03,2.193439888846685619e+02
1.188313356164383549e+03,2.194871415271660737e+02
1.189147260273972506e+03,2.196341414843276993e+02
1.189981164383561463e+03,2.197844801323566628e+02
1.190815068493150648e+03,2.199376271385243058e+02
1.191648972602739605e+03,2.200930341313189444e+02
1.192482876712328789e+03,2.202501384958599431e+02
1.193316780821917746e+03,2.204083672682002941e+02
1.194150684931506703e+03,2.205671411014540695e+02
1.194984589041095887e+03,2.207258782761855684e+02
1.195818493150684844e+03,2.208839987271881000e+02
1.196652397260273801e+03,2.210409280586700049e+02
1.197486301369862986e+03,2.211961015199414078e+02
1.198320205479451943e+03,2.213489679139734392e+02
1.199154109589041127e+03,2.214989934116669588e+02
1.199988013698630084e+03,2.216456652453216805e+02
1.200821917808219041e+03,2.217884952556392761e+02
1.201655821917808225e+03,2.219270232676089734e+02
1.202489726027397182e+03,2.220608202718146629e+02
1.203323630136986139e+03,2.221894913890558030e+02
1.204157534246575324e+03,2.223126785976782003e+02
1.204991438356164281e+03,2.224300632046617352e+02
1.205825342465753238e+03,2.225413680432925503e+02
1.206659246575342422e+03,2.226463593821463007e+02
1.207493150684931379e+03,2.227448485321174303e+02
1.208327054794520564e+03,2.228366931403264175e+02
1.209160958904109521e+03,2.229217981619131876e+02
1.209994863013698478e+03,2.230001165029655112e+02
1.210828767123287662e+03,2.230716493301131891e+02
1.211662671232876619e+03,2.231364460446393991e+02
1.212496575342465576e+03,2.231946039212896267e+02
1.213330479452054760e+03,2.232462674142894912e+02
1.214164383561643717e+03,2.232916271353962827e+02
1.214998287671232902e+03,2.233309185110875887e+02
1.215832191780821859e+03,2.233644201282210418e+02
1.216666095890410816e+03,2.233924517796634746e+02
1.217500000000000000e+03,2.234153722234745487e+02
1.218333904109588957e+03,2.234335766712178497e+02
1.219167808219177914e+03,2.234474940228590469e+02
1.220001712328767098e+03,2.234575838674675197e+02
1.220835616438356055e+03,2.234643332705693126e+02
1.221669520547945240e+03,2.234682533704793173e+02
1.222503424657534197e+03,2.234698758072698865e+02
1.223337328767123154e+03,2.234697490091951124e+02
1.224171232876712338e+03,2.234684343623815153e+02
1.225005136986301295e+03,2.234665022904065950e+02
1.225839041095890252e+03,2.234645282710136769e+02
1.226672945205479436e+03,2.234630888176469625e+02
1.227506849315068393e+03,2.234627574537376233e+02
1.228340753424657350e+03,2.234641007077189556e+02
1.229174657534246535e+03,2.234676741566078988e+02
1.230008561643835492e+03,2.234740185456499546e+02
1.230842465753424676e+03,2.234836560109976631e+02
1.231676369863013633e+03,2.234970864316757115e+02
1.232510273972602590e+03,2.235147839361881665e+02
1.233344178082191775e+03,2.235371935880469891e+02
1.234178082191780732e+03,2.235647282732598455e+02
1.235011986301369689e+03,2.235977658114092037e+02
1.235845890410958873e+03,2.236366463104024263e+02
1.236679794520547830e+03,2.236816697832782666e+02
1.237513698630137014e+03,2.237330940436347078e+02
1.238347602739725971e+03,2.237911328943048943e+02
1.239181506849314928e+03,2.238559546218728826e+02
1.240015410958904113e+03,2.239276808074916119e+02
1.240849315068493070e+03,2.240063854622708561e+02
1.241683219178082027e+03,2.240920944932447298e+02
1.242517123287671211e+03,2.241847855036314741e+02
1.243351027397260168e+03,2.242843879287755726e+02
1.244184931506849125e+03,2.243907835068281997e+02
1.245018835616438309e+03,2.245038070808969337e+02
1.245852739726027266e+03,2.246232477270902734e+02
1.246686643835616451e+03,2.247488502006197280e+02
1.247520547945205408e+03,2.248803166899089661e+02
1.248354452054794365e+03,2.250173088665218302e+02
1.249188356164383549e+03,2.251594502166636289e+02
1.250022260273972506e+03,2.253063286380516388e+02
1.250856164383561463e+03,2.254574992841110372e+02
1.251690068493150648e+03,2.256124876357277458e+02
1.252523972602739605e+03,2.257707927792129681e+02
1.253357876712328789e+03,2.259318908676987689e+02
1.254191780821917746e+03,2.260952387419091281e+02
1.255025684931506703e+03,2.262602776851437625e+02
1.255859589041095887e+03,2.264264372863807182e+02
1.256693493150684844e+03,2.265931393846481399e+02
1.257527397260273801e+03,2.267598020672561745e+02
1.258361301369862986e+03,2.269258436941009904e+02
1.259195205479451943e+03,2.270906869200749156e+02
1.260029109589041127e+03,2.272537626876278694e+02
1.260863013698630084e+03,2.274145141617336208e+02
1.261696917808219041e+03,2.275724005799152678e+02
1.262530821917808225e+03,2.277269009905720907e+02
1.263364726027397182e+03,2.278775178536301951e+02
1.264198630136986139e+03,2.280237804784926539e+02
1.265032534246575324e+03,2.281652482753973743e+02
1.265866438356164281e+03,2.283015137975874893e+02
1.266700342465753238e+03,2.284322055531528122e+02
1.267534246575342422e+03,2.285569905670010371e+02
1.268368150684931379e+03,2.286755766751556962e+02
1.269202054794520564e+03,2.287877145354358959e+02
1.270035958904109521e+03,2.288931993405456353e+02
1.270869863013698478e+03,2.289918722216682738e+02
1.271703767123287662e+03,2.290836213328128110e+02
1.272537671232876619e+03,2.291683826083761915e+02
1.273371575342465576e+03,2.292461401886595525e+02
1.274205479452054760e+03,2.293169265103814780e+02
1.275039383561643717e+03,2.293808220615603375e+02
1.275873287671232902e+03,2.294379548024721487e+02
1.276707191780821859e+03,2.294884992567067741e+02
1.277541095890410816e+03,2.295326752786451152e+02
1.278375000000000000e+03,2.295707465059198000e+02
1.279208904109588957e+03,2.296030185076199359e+02
1.280042808219177914e+03,2.296298366411094776e+02
1.280876712328767098e+03,2.296515836323548569e+02
1.281710616438356055e+03,2.296686768965814451e+02
1.282544520547945012e+03,2.296815656178804375e+02
1.283378424657534197e+03,2.296907276080637530e+02
1.284212328767123154e+03,2.296966659666000510e+02
1.285046232876712338e+03,2.296999055648458921e+02
1.285880136986301295e+03,2.297009893790069270e+02
1.286714041095890252e+03,2.297004746973180715e+02
1.287547945205479436e+03,2.296989292278020116e+02
1.288381849315068393e+03,2.296969271336584484e+02
1.289215753424657350e+03,2.296950450238406347e+02
1.290049657534246535e+03,2.296938579266841600e+02
1.290883561643835492e+03,2.296939352745721692e+02
1.291717465753424676e+03,2.296958369275469352e+02
1.292551369863013633e+03,2.297001092635013038e+02
1.293385273972602590e+03,2.297072813621273326e+02
1.294219178082191775e+03,2.297178613091428474e+02
1.295053082191780732e+03,2.297323326464833997e+02
1.295886986301369689e+03,2.297511509931308638e+02
1.296720890410958873e+03,2.297747408600672543e+02
1.297554794520547830e+03,2.298034926814876258e+02
1.298388698630137014e+03,2.298377600829089715e+02
1.299222602739725971e+03,2.298778574051620183e+02
1.300056506849314928e+03,2.299240575014740955e+02
1.300890410958904113e+03,2.299765898229563845e+02
1.301724315068493070e+03,2.300356388058012840e+02
1.302558219178082027e+03,2.301013425714004939e+02
1.303392123287671211e+03,2.301737919484186534e+02
1.304226027397260168e+03,2.302530298236214321e+02
1.305059931506849125e+03,2.303390508259695650e+02
1.305893835616438309e+03,2.304318013461764849e+02
1.306727739726027266e+03,2.305311798915953432e+02
1.307561643835616451e+03,2.306370377739685011e+02
1.308395547945205408e+03,2.307491801252628250e+02
1.309229452054794365e+03,2.308673672345304908e+02
1.310063356164383549e+03,2.309913161965069719e+02
1.310897260273972506e+03,2.311207028604878246e+02
1.311731164383561463e+03,2.312551640659427221e+02
1.312565068493150648e+03,2.313943001493298652e+02
1.313398972602739605e+03,2.315376777046888606e+02
1.314232876712328789e+03,2.316848325788295710e+02
1.315066780821917746e+03,2.318352730802988901e+02
1.315900684931506703e+03,2.319884833798273860e+02
1.316734589041095887e+03,2.321439270786216582e+02
1.317568493150684844e+03,2.323010509197057161e+02
1.318402397260273801e+03,2.324592886165187338e+02
1.319236301369862986e+03,2.326180647721609205e+02
1.320070205479451943e+03,2.327767988620514643e+02
1.320904109589040900e+03,2.329349092523196987e+02
1.321738013698630084e+03,2.330918172260027745e+02
1.322571917808219041e+03,2.332469509890701715e+02
1.323405821917808225e+03,2.333997496284342219e+02
1.324239726027397182e+03,2.335496669944381836e+02
1.325073630136986139e+03,2.336961754808436353e+02
1.325907534246575324e+03,2.338387696760435688e+02
1.326741438356164281e+03,2.339769698601285484e+02
1.327575342465753238e+03,2.341103253235040427e+02
1.328409246575342422e+03,2.342384174839923503e+02
1.329243150684931379e+03,2.343608627807593336e+02
1.330077054794520564e+03,2.344773153249541622e+02
1.330910958904109521e+03,2.345874692886395394e+02
1.331744863013698478e+03,2.346910610154123731e+02
1.332578767123287662e+03,2.347878708380471551e+02
1.333412671232876619e+03,2.348777245905290272e+02
1.334246575342465576e+03,2.349604948039706187e+02
1.335080479452054760e+03,2.350361015781017784e+02
1.335914383561643717e+03,2.351045131222758755e+02
1.336748287671232902e+03,2.351657459622338138e+02
1.337582191780821859e+03,2.352198648111907175e+02
1.338416095890410816e+03,2.352669821061406878e+02
1.339250000000000000e+03,2.353072572126044406e+02
1.340083904109588957e+03,2.353408953033470254e+02
1.340917808219177914e+03,2.353681459188603355e+02
1.341751712328767098e+03,2.353893012196142251e+02
1.342585616438356055e+03,2.354046939422259754e+02
1.343419520547945012e+03,2.354146950737517727e+02
1.344253424657534197e+03,2.354197112602658990e+02
1.345087328767123154e+03,2.354201819677375909e+02
1.345921232876712338e+03,2.354165764149395841e+02
1.346755136986301295e+03,2.354093902997035173e+02
1.347589041095890252e+03,2.353991423412773827e+02
1.348422945205479436e+03,2.353863706628144428e+02
1.349256849315068393e+03,2.353716290391374457e+02
1.350090753424657350e+03,2.353554830358555705e+02
1.350924657534246535e+03,2.353385060666684581e+02
1.351758561643835492e+03,2.353212753962599777e+02
1.352592465753424676e+03,2.353043681165611076e+02
1.353426369863013633e+03,2.352883571243482379e+02
1.354260273972602590e+03,2.352738071281333418e+02
1.355094178082191775e+03,2.352612707120976268e+02
1.355928082191780732e+03,2.352512844844259519e+02
1.356761986301369689e+03,2.352443653368111995e+02
1.357595890410958873e+03,2.352410068411247721e+02
1.358429794520547830e+03,2.352416758082985950e+02
1.359263698630136787e+03,2.352468090333333919e+02
1.360097602739725971e+03,2.352568102490563149e+02
1.360931506849314928e+03,2.352720473098003140e+02
1.361765410958904113e+03,2.352928496245789916e+02
1.362599315068493070e+03,2.353195058575963117e+02
1.363433219178082027e+03,2.353522619120741126e+02
1.364267123287671211e+03,2.353913192114100923e+02
1.365101027397260168e+03,2.354368332896117124e+02
1.365934931506849125e+03,2.354889127008050878e+02
1.366768835616438309e+03,2.355476182553969409e+02
1.367602739726027266e+03,2.356129625881983713e+02
1.368436643835616451e+03,2.356849100615152963e+02
1.369270547945205408e+03,2.357633770038757177e+02
1.370104452054794365e+03,2.358482322827389908e+02
1.370938356164383549e+03,2.359392982072054679e+02
1.371772260273972506e+03,2.360363517544534488e+02
1.372606164383561463e+03,2.361391261113807332e+02
1.373440068493150648e+03,2.362473125207377507e+02
1.374273972602739605e+03,2.363605624189203525e+02
1.375107876712328789e+03,2.364784898505676267e+02
1.375941780821917746e+03,2.366006741431822320e+02
1.376775684931506703e+03,2.367266628231865866e+02
1.377609589041095887e+03,2.368559747531479331e+02
1.378443493150684844e+03,2.369881034683702126e+02
1.379277397260273801e+03,2.371225206896642135e+02
1.380111301369862986e+03,2.372586799878813792e+02
1.380945205479451943e+03,2.373960205747460463e+02
1.381779109589040900e+03,2.375339711936387346e+02
1.382613013698630084e+03,2.376719540832900179e+02
1.383446917808219041e+03,2.378093889868403608e+02
1.384280821917808225e+03,2.379456971784004509e+02
1.385114726027397182e+03,2.380803054791308284e+02
1.385948630136986139e+03,2.382126502349281907e+02
1.386782534246575324e+03,2.383421812280749919e+02
1.387616438356164281e+03,2.384683654956663190e+02
1.388450342465753238e+03,2.385906910282769218e+02
1.389284246575342422e+03,2.387086703231642559e+02
1.390118150684931379e+03,2.388218437673110941e+02
1.390952054794520564e+03,2.389297828267983732e+02
1.391785958904109521e+03,2.390320930203419039e+02
1.392619863013698478e+03,2.391284166563270901e+02
1.393453767123287662e+03,2.392184353143198621e+02
1.394287671232876619e+03,2.393018720538082960e+02
1.395121575342465576e+03,2.393784933348240713e+02
1.395955479452054760e+03,2.394481106370961925e+02
1.396789383561643717e+03,2.395105817664838241e+02
1.397623287671232674e+03,2.395658118396098644e+02
1.398457191780821859e+03,2.396137539398506533e+02
1.399291095890410816e+03,2.396544094401247662e+02
1.400125000000000000e+03,2.396878279902370821e+02
1.400958904109588957e+03,2.397141071688652687e+02
1.401792808219177914e+03,2.397333918026097024e+02
1.402626712328767098e+03,2.397458729568375873e+02
1.403460616438356055e+03,2.397517866053358375e+02
1.404294520547945012e+03,2.397514119880191856e+02
1.405128424657534197e+03,2.397450696681066802e+02
1.405962328767123154e+03,2.397331193022690172e+02
1.406796232876712338e+03,2.397159571392456883e+02
1.407630136986301295e+03,2.396940132643149468e+02
1.408464041095890252e+03,2.396677486087675391e+02
1.409297945205479436e+03,2.396376517451697055e+02
1.410131849315068393e+03,2.396042354906865910e+02
1.410965753424657350e+03,2.395680333420732779e+02
1.411799657534246535e+03,2.395295957671113172e+02
1.412633561643835492e+03,2.394894863782626828e+02
1.413467465753424676e+03,2.394482780151361681e+02
1.414301369863013633e+03,2.394065487629924007e+02
1.415135273972602590e+03,2.393648779349571498e+02
1.415969178082191775e+03,2.393238420458685312e+02
1.416803082191780732e+03,2.392840108057380348e+02
1.417636986301369689e+03,2.392459431606706346e+02
1.418470890410958873e+03,2.392101834087601731e+02
1.419304794520547830e+03,2.391772574179538253e+02
1.420138698630136787e+03,2.391476689721700097e+02
1.420972602739725971e+03,2.391218962710660776e+02
1.421806506849314928e+03,2.391003886077808147e+02
1.422640410958904113e+03,2.390835632477405284e+02
1.423474315068493070e+03,2.390718025302222429e+02
1.424308219178082027e+03,2.390654512128168960e+02
1.425142123287671211e+03,2.390648140772479451e+02
1.425976027397260168e+03,2.390701538131860389e+02
1.426809931506849125e+03,2.390816891947646354e+02
1.427643835616438309e+03,2.390995935624722222e+02
1.428477739726027266e+03,2.391239936209698556e+02
1.429311643835616451e+03,2.391549685611888378e+02
1.430145547945205408e+03,2.391925495128114392e+02
1.430979452054794365e+03,2.392367193309379161e+02
1.431813356164383549e+03,2.392874127184228144e+02
1.432647260273972506e+03,2.393445166830305766e+02
1.433481164383561463e+03,2.394078713262325380e+02
1.434315068493150648e+03,2.394772709581629329e+02
1.435148972602739605e+03,2.395524655309852733e+02
1.435982876712328789e+03,2.396331623807064375e+02
1.436816780821917746e+03,2.397190282653327529e+02
1.437650684931506703e+03,2.398096916852042000e+02
1.438484589041095887e+03,2.399047454693771328e+02
1.439318493150684844e+03,2.400037496100831049e+02
1.440152397260273801e+03,2.401062343255636051e+02
1.440986301369862986e+03,2.402117033299917352e+02
1.441820205479451943e+03,2.403196372877567626e+02
1.442654109589040900e+03,2.404294974281049235e+02
1.443488013698630084e+03,2.405407292950119995e+02
1.444321917808219041e+03,2.406527666062268338e+02
1.445155821917808225e+03,2.407650351946680587e+02
1.445989726027397182e+03,2.408769570047763295e+02
1.446823630136986139e+03,2.409879541160512986e+02
1.447657534246575324e+03,2.410974527658080433e+02
1.448491438356164281e+03,2.412048873431940308e+02
1.449325342465753238e+03,2.413097043267092943e+02
1.450159246575342422e+03,2.414113661378634106e+02
1.450993150684931379e+03,2.415093548841857682e+02
1.451827054794520564e+03,2.416031759655748488e+02
1.452660958904109521e+03,2.416923615189237182e+02
1.453494863013698478e+03,2.417764736770791387e+02
1.454328767123287662e+03,2.418551076194852669e+02
1.455162671232876619e+03,2.419278943933106518e+02
1.455996575342465576e+03,2.419945034854494565e+02
1.456830479452054760e+03,2.420546451275217237e+02
1.457664383561643717e+03,2.421080723178545782e+02
1.458498287671232674e+03,2.421545825463870472e+02
1.459332191780821859e+03,2.421940192105143410e+02
1.460166095890410816e+03,2.422262727120279919e+02
1.461000000000000000e+03,2.422512812275288354e+02
